{
 "cells": [
  {
   "cell_type": "code",
   "execution_count": 1,
   "id": "8eb18ed2-cd91-430b-8c7c-d661bb30e25b",
   "metadata": {},
   "outputs": [
    {
     "name": "stderr",
     "output_type": "stream",
     "text": [
      "\n",
      "Attaching package: 'lubridate'\n",
      "\n",
      "\n",
      "The following objects are masked from 'package:base':\n",
      "\n",
      "    date, intersect, setdiff, union\n",
      "\n",
      "\n",
      "\n",
      "Attaching package: 'dplyr'\n",
      "\n",
      "\n",
      "The following objects are masked from 'package:stats':\n",
      "\n",
      "    filter, lag\n",
      "\n",
      "\n",
      "The following objects are masked from 'package:base':\n",
      "\n",
      "    intersect, setdiff, setequal, union\n",
      "\n",
      "\n"
     ]
    }
   ],
   "source": [
    "knitr::opts_chunk$set(echo=TRUE)\n",
    "library(ggplot2)\n",
    "library(ggthemes)\n",
    "library(lubridate)\n",
    "library(dplyr)\n",
    "library(tidyr)\n",
    "library(DT)\n",
    "library(scales)\n",
    "setwd(\"D:/Dataset/Uber-dataset/Uber-dataset\")"
   ]
  },
  {
   "cell_type": "code",
   "execution_count": 2,
   "id": "57028786-5c83-4434-ba49-d47f507a92c8",
   "metadata": {},
   "outputs": [],
   "source": [
    "colours = c(\"#CC1011\", \"#665555\", \"#05a399\", \"#cfcaca\", \"#f5e840\", \"#0683c9\", \"#e075b0\")"
   ]
  },
  {
   "cell_type": "code",
   "execution_count": 3,
   "id": "a34f2d84-5213-436d-9d34-1fd5381a5e97",
   "metadata": {},
   "outputs": [],
   "source": [
    "apr_data <- read.csv(\"1uber-raw-data-apr14.csv\")\n",
    "may_data <- read.csv(\"1uber-raw-data-may14.csv\")\n",
    "jun_data <- read.csv(\"1uber-raw-data-jun14.csv\")\n",
    "jul_data <- read.csv(\"1uber-raw-data-jul14.csv\")\n",
    "aug_data <- read.csv(\"1uber-raw-data-aug14.csv\")\n",
    "sep_data <- read.csv(\"1uber-raw-data-sep14.csv\")\n",
    "\n",
    "data_2014 <- rbind(apr_data,may_data, jun_data, jul_data, aug_data, sep_data)\n",
    "\n"
   ]
  },
  {
   "cell_type": "code",
   "execution_count": 4,
   "id": "99c15606-f25c-4844-94d3-877a75cd8229",
   "metadata": {},
   "outputs": [
    {
     "data": {
      "text/html": [
       "<table class=\"dataframe\">\n",
       "<caption>A data.frame: 4534327 × 4</caption>\n",
       "<thead>\n",
       "\t<tr><th scope=col>Date.Time</th><th scope=col>Lat</th><th scope=col>Lon</th><th scope=col>Base</th></tr>\n",
       "\t<tr><th scope=col>&lt;chr&gt;</th><th scope=col>&lt;dbl&gt;</th><th scope=col>&lt;dbl&gt;</th><th scope=col>&lt;chr&gt;</th></tr>\n",
       "</thead>\n",
       "<tbody>\n",
       "\t<tr><td>4/1/2014 0:11:00</td><td>40.7690</td><td>-73.9549</td><td>B02512</td></tr>\n",
       "\t<tr><td>4/1/2014 0:17:00</td><td>40.7267</td><td>-74.0345</td><td>B02512</td></tr>\n",
       "\t<tr><td>4/1/2014 0:21:00</td><td>40.7316</td><td>-73.9873</td><td>B02512</td></tr>\n",
       "\t<tr><td>4/1/2014 0:28:00</td><td>40.7588</td><td>-73.9776</td><td>B02512</td></tr>\n",
       "\t<tr><td>4/1/2014 0:33:00</td><td>40.7594</td><td>-73.9722</td><td>B02512</td></tr>\n",
       "\t<tr><td>4/1/2014 0:33:00</td><td>40.7383</td><td>-74.0403</td><td>B02512</td></tr>\n",
       "\t<tr><td>4/1/2014 0:39:00</td><td>40.7223</td><td>-73.9887</td><td>B02512</td></tr>\n",
       "\t<tr><td>4/1/2014 0:45:00</td><td>40.7620</td><td>-73.9790</td><td>B02512</td></tr>\n",
       "\t<tr><td>4/1/2014 0:55:00</td><td>40.7524</td><td>-73.9960</td><td>B02512</td></tr>\n",
       "\t<tr><td>4/1/2014 1:01:00</td><td>40.7575</td><td>-73.9846</td><td>B02512</td></tr>\n",
       "\t<tr><td>4/1/2014 1:19:00</td><td>40.7256</td><td>-73.9869</td><td>B02512</td></tr>\n",
       "\t<tr><td>4/1/2014 1:48:00</td><td>40.7591</td><td>-73.9684</td><td>B02512</td></tr>\n",
       "\t<tr><td>4/1/2014 1:49:00</td><td>40.7271</td><td>-73.9803</td><td>B02512</td></tr>\n",
       "\t<tr><td>4/1/2014 2:11:00</td><td>40.6463</td><td>-73.7896</td><td>B02512</td></tr>\n",
       "\t<tr><td>4/1/2014 2:25:00</td><td>40.7564</td><td>-73.9167</td><td>B02512</td></tr>\n",
       "\t<tr><td>4/1/2014 2:31:00</td><td>40.7666</td><td>-73.9531</td><td>B02512</td></tr>\n",
       "\t<tr><td>4/1/2014 2:43:00</td><td>40.7580</td><td>-73.9761</td><td>B02512</td></tr>\n",
       "\t<tr><td>4/1/2014 3:22:00</td><td>40.7238</td><td>-73.9821</td><td>B02512</td></tr>\n",
       "\t<tr><td>4/1/2014 3:35:00</td><td>40.7531</td><td>-74.0039</td><td>B02512</td></tr>\n",
       "\t<tr><td>4/1/2014 3:35:00</td><td>40.7389</td><td>-74.0393</td><td>B02512</td></tr>\n",
       "\t<tr><td>4/1/2014 3:41:00</td><td>40.7619</td><td>-73.9715</td><td>B02512</td></tr>\n",
       "\t<tr><td>4/1/2014 4:11:00</td><td>40.7530</td><td>-74.0042</td><td>B02512</td></tr>\n",
       "\t<tr><td>4/1/2014 4:15:00</td><td>40.6561</td><td>-73.9531</td><td>B02512</td></tr>\n",
       "\t<tr><td>4/1/2014 4:19:00</td><td>40.7250</td><td>-73.9844</td><td>B02512</td></tr>\n",
       "\t<tr><td>4/1/2014 4:20:00</td><td>40.6950</td><td>-74.1783</td><td>B02512</td></tr>\n",
       "\t<tr><td>4/1/2014 4:26:00</td><td>40.9859</td><td>-74.1578</td><td>B02512</td></tr>\n",
       "\t<tr><td>4/1/2014 4:27:00</td><td>40.6879</td><td>-74.1814</td><td>B02512</td></tr>\n",
       "\t<tr><td>4/1/2014 4:38:00</td><td>40.6878</td><td>-74.1816</td><td>B02512</td></tr>\n",
       "\t<tr><td>4/1/2014 4:47:00</td><td>40.7234</td><td>-73.9974</td><td>B02512</td></tr>\n",
       "\t<tr><td>4/1/2014 4:49:00</td><td>40.7336</td><td>-73.9900</td><td>B02512</td></tr>\n",
       "\t<tr><td>⋮</td><td>⋮</td><td>⋮</td><td>⋮</td></tr>\n",
       "\t<tr><td>9/30/2014 22:49:00</td><td>40.7079</td><td>-74.0061</td><td>B02764</td></tr>\n",
       "\t<tr><td>9/30/2014 22:50:00</td><td>40.7775</td><td>-73.9468</td><td>B02764</td></tr>\n",
       "\t<tr><td>9/30/2014 22:51:00</td><td>40.7383</td><td>-73.9923</td><td>B02764</td></tr>\n",
       "\t<tr><td>9/30/2014 22:51:00</td><td>40.6596</td><td>-73.9479</td><td>B02764</td></tr>\n",
       "\t<tr><td>9/30/2014 22:51:00</td><td>40.7130</td><td>-73.7976</td><td>B02764</td></tr>\n",
       "\t<tr><td>9/30/2014 22:51:00</td><td>40.7480</td><td>-74.0007</td><td>B02764</td></tr>\n",
       "\t<tr><td>9/30/2014 22:51:00</td><td>40.7109</td><td>-73.9337</td><td>B02764</td></tr>\n",
       "\t<tr><td>9/30/2014 22:52:00</td><td>40.8287</td><td>-73.9488</td><td>B02764</td></tr>\n",
       "\t<tr><td>9/30/2014 22:52:00</td><td>40.7452</td><td>-73.9278</td><td>B02764</td></tr>\n",
       "\t<tr><td>9/30/2014 22:52:00</td><td>40.7517</td><td>-73.9866</td><td>B02764</td></tr>\n",
       "\t<tr><td>9/30/2014 22:53:00</td><td>40.7724</td><td>-73.9587</td><td>B02764</td></tr>\n",
       "\t<tr><td>9/30/2014 22:53:00</td><td>40.7234</td><td>-73.9913</td><td>B02764</td></tr>\n",
       "\t<tr><td>9/30/2014 22:53:00</td><td>40.7417</td><td>-74.0038</td><td>B02764</td></tr>\n",
       "\t<tr><td>9/30/2014 22:53:00</td><td>40.7509</td><td>-73.9785</td><td>B02764</td></tr>\n",
       "\t<tr><td>9/30/2014 22:53:00</td><td>40.7588</td><td>-73.9721</td><td>B02764</td></tr>\n",
       "\t<tr><td>9/30/2014 22:54:00</td><td>40.6932</td><td>-73.9693</td><td>B02764</td></tr>\n",
       "\t<tr><td>9/30/2014 22:54:00</td><td>40.7273</td><td>-74.0057</td><td>B02764</td></tr>\n",
       "\t<tr><td>9/30/2014 22:54:00</td><td>40.7594</td><td>-73.9820</td><td>B02764</td></tr>\n",
       "\t<tr><td>9/30/2014 22:55:00</td><td>40.7520</td><td>-74.0027</td><td>B02764</td></tr>\n",
       "\t<tr><td>9/30/2014 22:55:00</td><td>40.7205</td><td>-73.9571</td><td>B02764</td></tr>\n",
       "\t<tr><td>9/30/2014 22:56:00</td><td>40.7371</td><td>-74.0289</td><td>B02764</td></tr>\n",
       "\t<tr><td>9/30/2014 22:56:00</td><td>40.6446</td><td>-73.7823</td><td>B02764</td></tr>\n",
       "\t<tr><td>9/30/2014 22:56:00</td><td>40.7163</td><td>-73.9623</td><td>B02764</td></tr>\n",
       "\t<tr><td>9/30/2014 22:57:00</td><td>40.6979</td><td>-73.9365</td><td>B02764</td></tr>\n",
       "\t<tr><td>9/30/2014 22:57:00</td><td>40.7300</td><td>-73.9565</td><td>B02764</td></tr>\n",
       "\t<tr><td>9/30/2014 22:57:00</td><td>40.7668</td><td>-73.9845</td><td>B02764</td></tr>\n",
       "\t<tr><td>9/30/2014 22:57:00</td><td>40.6911</td><td>-74.1773</td><td>B02764</td></tr>\n",
       "\t<tr><td>9/30/2014 22:58:00</td><td>40.8519</td><td>-73.9319</td><td>B02764</td></tr>\n",
       "\t<tr><td>9/30/2014 22:58:00</td><td>40.7081</td><td>-74.0066</td><td>B02764</td></tr>\n",
       "\t<tr><td>9/30/2014 22:58:00</td><td>40.7140</td><td>-73.9496</td><td>B02764</td></tr>\n",
       "</tbody>\n",
       "</table>\n"
      ],
      "text/latex": [
       "A data.frame: 4534327 × 4\n",
       "\\begin{tabular}{llll}\n",
       " Date.Time & Lat & Lon & Base\\\\\n",
       " <chr> & <dbl> & <dbl> & <chr>\\\\\n",
       "\\hline\n",
       "\t 4/1/2014 0:11:00 & 40.7690 & -73.9549 & B02512\\\\\n",
       "\t 4/1/2014 0:17:00 & 40.7267 & -74.0345 & B02512\\\\\n",
       "\t 4/1/2014 0:21:00 & 40.7316 & -73.9873 & B02512\\\\\n",
       "\t 4/1/2014 0:28:00 & 40.7588 & -73.9776 & B02512\\\\\n",
       "\t 4/1/2014 0:33:00 & 40.7594 & -73.9722 & B02512\\\\\n",
       "\t 4/1/2014 0:33:00 & 40.7383 & -74.0403 & B02512\\\\\n",
       "\t 4/1/2014 0:39:00 & 40.7223 & -73.9887 & B02512\\\\\n",
       "\t 4/1/2014 0:45:00 & 40.7620 & -73.9790 & B02512\\\\\n",
       "\t 4/1/2014 0:55:00 & 40.7524 & -73.9960 & B02512\\\\\n",
       "\t 4/1/2014 1:01:00 & 40.7575 & -73.9846 & B02512\\\\\n",
       "\t 4/1/2014 1:19:00 & 40.7256 & -73.9869 & B02512\\\\\n",
       "\t 4/1/2014 1:48:00 & 40.7591 & -73.9684 & B02512\\\\\n",
       "\t 4/1/2014 1:49:00 & 40.7271 & -73.9803 & B02512\\\\\n",
       "\t 4/1/2014 2:11:00 & 40.6463 & -73.7896 & B02512\\\\\n",
       "\t 4/1/2014 2:25:00 & 40.7564 & -73.9167 & B02512\\\\\n",
       "\t 4/1/2014 2:31:00 & 40.7666 & -73.9531 & B02512\\\\\n",
       "\t 4/1/2014 2:43:00 & 40.7580 & -73.9761 & B02512\\\\\n",
       "\t 4/1/2014 3:22:00 & 40.7238 & -73.9821 & B02512\\\\\n",
       "\t 4/1/2014 3:35:00 & 40.7531 & -74.0039 & B02512\\\\\n",
       "\t 4/1/2014 3:35:00 & 40.7389 & -74.0393 & B02512\\\\\n",
       "\t 4/1/2014 3:41:00 & 40.7619 & -73.9715 & B02512\\\\\n",
       "\t 4/1/2014 4:11:00 & 40.7530 & -74.0042 & B02512\\\\\n",
       "\t 4/1/2014 4:15:00 & 40.6561 & -73.9531 & B02512\\\\\n",
       "\t 4/1/2014 4:19:00 & 40.7250 & -73.9844 & B02512\\\\\n",
       "\t 4/1/2014 4:20:00 & 40.6950 & -74.1783 & B02512\\\\\n",
       "\t 4/1/2014 4:26:00 & 40.9859 & -74.1578 & B02512\\\\\n",
       "\t 4/1/2014 4:27:00 & 40.6879 & -74.1814 & B02512\\\\\n",
       "\t 4/1/2014 4:38:00 & 40.6878 & -74.1816 & B02512\\\\\n",
       "\t 4/1/2014 4:47:00 & 40.7234 & -73.9974 & B02512\\\\\n",
       "\t 4/1/2014 4:49:00 & 40.7336 & -73.9900 & B02512\\\\\n",
       "\t ⋮ & ⋮ & ⋮ & ⋮\\\\\n",
       "\t 9/30/2014 22:49:00 & 40.7079 & -74.0061 & B02764\\\\\n",
       "\t 9/30/2014 22:50:00 & 40.7775 & -73.9468 & B02764\\\\\n",
       "\t 9/30/2014 22:51:00 & 40.7383 & -73.9923 & B02764\\\\\n",
       "\t 9/30/2014 22:51:00 & 40.6596 & -73.9479 & B02764\\\\\n",
       "\t 9/30/2014 22:51:00 & 40.7130 & -73.7976 & B02764\\\\\n",
       "\t 9/30/2014 22:51:00 & 40.7480 & -74.0007 & B02764\\\\\n",
       "\t 9/30/2014 22:51:00 & 40.7109 & -73.9337 & B02764\\\\\n",
       "\t 9/30/2014 22:52:00 & 40.8287 & -73.9488 & B02764\\\\\n",
       "\t 9/30/2014 22:52:00 & 40.7452 & -73.9278 & B02764\\\\\n",
       "\t 9/30/2014 22:52:00 & 40.7517 & -73.9866 & B02764\\\\\n",
       "\t 9/30/2014 22:53:00 & 40.7724 & -73.9587 & B02764\\\\\n",
       "\t 9/30/2014 22:53:00 & 40.7234 & -73.9913 & B02764\\\\\n",
       "\t 9/30/2014 22:53:00 & 40.7417 & -74.0038 & B02764\\\\\n",
       "\t 9/30/2014 22:53:00 & 40.7509 & -73.9785 & B02764\\\\\n",
       "\t 9/30/2014 22:53:00 & 40.7588 & -73.9721 & B02764\\\\\n",
       "\t 9/30/2014 22:54:00 & 40.6932 & -73.9693 & B02764\\\\\n",
       "\t 9/30/2014 22:54:00 & 40.7273 & -74.0057 & B02764\\\\\n",
       "\t 9/30/2014 22:54:00 & 40.7594 & -73.9820 & B02764\\\\\n",
       "\t 9/30/2014 22:55:00 & 40.7520 & -74.0027 & B02764\\\\\n",
       "\t 9/30/2014 22:55:00 & 40.7205 & -73.9571 & B02764\\\\\n",
       "\t 9/30/2014 22:56:00 & 40.7371 & -74.0289 & B02764\\\\\n",
       "\t 9/30/2014 22:56:00 & 40.6446 & -73.7823 & B02764\\\\\n",
       "\t 9/30/2014 22:56:00 & 40.7163 & -73.9623 & B02764\\\\\n",
       "\t 9/30/2014 22:57:00 & 40.6979 & -73.9365 & B02764\\\\\n",
       "\t 9/30/2014 22:57:00 & 40.7300 & -73.9565 & B02764\\\\\n",
       "\t 9/30/2014 22:57:00 & 40.7668 & -73.9845 & B02764\\\\\n",
       "\t 9/30/2014 22:57:00 & 40.6911 & -74.1773 & B02764\\\\\n",
       "\t 9/30/2014 22:58:00 & 40.8519 & -73.9319 & B02764\\\\\n",
       "\t 9/30/2014 22:58:00 & 40.7081 & -74.0066 & B02764\\\\\n",
       "\t 9/30/2014 22:58:00 & 40.7140 & -73.9496 & B02764\\\\\n",
       "\\end{tabular}\n"
      ],
      "text/markdown": [
       "\n",
       "A data.frame: 4534327 × 4\n",
       "\n",
       "| Date.Time &lt;chr&gt; | Lat &lt;dbl&gt; | Lon &lt;dbl&gt; | Base &lt;chr&gt; |\n",
       "|---|---|---|---|\n",
       "| 4/1/2014 0:11:00 | 40.7690 | -73.9549 | B02512 |\n",
       "| 4/1/2014 0:17:00 | 40.7267 | -74.0345 | B02512 |\n",
       "| 4/1/2014 0:21:00 | 40.7316 | -73.9873 | B02512 |\n",
       "| 4/1/2014 0:28:00 | 40.7588 | -73.9776 | B02512 |\n",
       "| 4/1/2014 0:33:00 | 40.7594 | -73.9722 | B02512 |\n",
       "| 4/1/2014 0:33:00 | 40.7383 | -74.0403 | B02512 |\n",
       "| 4/1/2014 0:39:00 | 40.7223 | -73.9887 | B02512 |\n",
       "| 4/1/2014 0:45:00 | 40.7620 | -73.9790 | B02512 |\n",
       "| 4/1/2014 0:55:00 | 40.7524 | -73.9960 | B02512 |\n",
       "| 4/1/2014 1:01:00 | 40.7575 | -73.9846 | B02512 |\n",
       "| 4/1/2014 1:19:00 | 40.7256 | -73.9869 | B02512 |\n",
       "| 4/1/2014 1:48:00 | 40.7591 | -73.9684 | B02512 |\n",
       "| 4/1/2014 1:49:00 | 40.7271 | -73.9803 | B02512 |\n",
       "| 4/1/2014 2:11:00 | 40.6463 | -73.7896 | B02512 |\n",
       "| 4/1/2014 2:25:00 | 40.7564 | -73.9167 | B02512 |\n",
       "| 4/1/2014 2:31:00 | 40.7666 | -73.9531 | B02512 |\n",
       "| 4/1/2014 2:43:00 | 40.7580 | -73.9761 | B02512 |\n",
       "| 4/1/2014 3:22:00 | 40.7238 | -73.9821 | B02512 |\n",
       "| 4/1/2014 3:35:00 | 40.7531 | -74.0039 | B02512 |\n",
       "| 4/1/2014 3:35:00 | 40.7389 | -74.0393 | B02512 |\n",
       "| 4/1/2014 3:41:00 | 40.7619 | -73.9715 | B02512 |\n",
       "| 4/1/2014 4:11:00 | 40.7530 | -74.0042 | B02512 |\n",
       "| 4/1/2014 4:15:00 | 40.6561 | -73.9531 | B02512 |\n",
       "| 4/1/2014 4:19:00 | 40.7250 | -73.9844 | B02512 |\n",
       "| 4/1/2014 4:20:00 | 40.6950 | -74.1783 | B02512 |\n",
       "| 4/1/2014 4:26:00 | 40.9859 | -74.1578 | B02512 |\n",
       "| 4/1/2014 4:27:00 | 40.6879 | -74.1814 | B02512 |\n",
       "| 4/1/2014 4:38:00 | 40.6878 | -74.1816 | B02512 |\n",
       "| 4/1/2014 4:47:00 | 40.7234 | -73.9974 | B02512 |\n",
       "| 4/1/2014 4:49:00 | 40.7336 | -73.9900 | B02512 |\n",
       "| ⋮ | ⋮ | ⋮ | ⋮ |\n",
       "| 9/30/2014 22:49:00 | 40.7079 | -74.0061 | B02764 |\n",
       "| 9/30/2014 22:50:00 | 40.7775 | -73.9468 | B02764 |\n",
       "| 9/30/2014 22:51:00 | 40.7383 | -73.9923 | B02764 |\n",
       "| 9/30/2014 22:51:00 | 40.6596 | -73.9479 | B02764 |\n",
       "| 9/30/2014 22:51:00 | 40.7130 | -73.7976 | B02764 |\n",
       "| 9/30/2014 22:51:00 | 40.7480 | -74.0007 | B02764 |\n",
       "| 9/30/2014 22:51:00 | 40.7109 | -73.9337 | B02764 |\n",
       "| 9/30/2014 22:52:00 | 40.8287 | -73.9488 | B02764 |\n",
       "| 9/30/2014 22:52:00 | 40.7452 | -73.9278 | B02764 |\n",
       "| 9/30/2014 22:52:00 | 40.7517 | -73.9866 | B02764 |\n",
       "| 9/30/2014 22:53:00 | 40.7724 | -73.9587 | B02764 |\n",
       "| 9/30/2014 22:53:00 | 40.7234 | -73.9913 | B02764 |\n",
       "| 9/30/2014 22:53:00 | 40.7417 | -74.0038 | B02764 |\n",
       "| 9/30/2014 22:53:00 | 40.7509 | -73.9785 | B02764 |\n",
       "| 9/30/2014 22:53:00 | 40.7588 | -73.9721 | B02764 |\n",
       "| 9/30/2014 22:54:00 | 40.6932 | -73.9693 | B02764 |\n",
       "| 9/30/2014 22:54:00 | 40.7273 | -74.0057 | B02764 |\n",
       "| 9/30/2014 22:54:00 | 40.7594 | -73.9820 | B02764 |\n",
       "| 9/30/2014 22:55:00 | 40.7520 | -74.0027 | B02764 |\n",
       "| 9/30/2014 22:55:00 | 40.7205 | -73.9571 | B02764 |\n",
       "| 9/30/2014 22:56:00 | 40.7371 | -74.0289 | B02764 |\n",
       "| 9/30/2014 22:56:00 | 40.6446 | -73.7823 | B02764 |\n",
       "| 9/30/2014 22:56:00 | 40.7163 | -73.9623 | B02764 |\n",
       "| 9/30/2014 22:57:00 | 40.6979 | -73.9365 | B02764 |\n",
       "| 9/30/2014 22:57:00 | 40.7300 | -73.9565 | B02764 |\n",
       "| 9/30/2014 22:57:00 | 40.7668 | -73.9845 | B02764 |\n",
       "| 9/30/2014 22:57:00 | 40.6911 | -74.1773 | B02764 |\n",
       "| 9/30/2014 22:58:00 | 40.8519 | -73.9319 | B02764 |\n",
       "| 9/30/2014 22:58:00 | 40.7081 | -74.0066 | B02764 |\n",
       "| 9/30/2014 22:58:00 | 40.7140 | -73.9496 | B02764 |\n",
       "\n"
      ],
      "text/plain": [
       "        Date.Time          Lat     Lon      Base  \n",
       "1       4/1/2014 0:11:00   40.7690 -73.9549 B02512\n",
       "2       4/1/2014 0:17:00   40.7267 -74.0345 B02512\n",
       "3       4/1/2014 0:21:00   40.7316 -73.9873 B02512\n",
       "4       4/1/2014 0:28:00   40.7588 -73.9776 B02512\n",
       "5       4/1/2014 0:33:00   40.7594 -73.9722 B02512\n",
       "6       4/1/2014 0:33:00   40.7383 -74.0403 B02512\n",
       "7       4/1/2014 0:39:00   40.7223 -73.9887 B02512\n",
       "8       4/1/2014 0:45:00   40.7620 -73.9790 B02512\n",
       "9       4/1/2014 0:55:00   40.7524 -73.9960 B02512\n",
       "10      4/1/2014 1:01:00   40.7575 -73.9846 B02512\n",
       "11      4/1/2014 1:19:00   40.7256 -73.9869 B02512\n",
       "12      4/1/2014 1:48:00   40.7591 -73.9684 B02512\n",
       "13      4/1/2014 1:49:00   40.7271 -73.9803 B02512\n",
       "14      4/1/2014 2:11:00   40.6463 -73.7896 B02512\n",
       "15      4/1/2014 2:25:00   40.7564 -73.9167 B02512\n",
       "16      4/1/2014 2:31:00   40.7666 -73.9531 B02512\n",
       "17      4/1/2014 2:43:00   40.7580 -73.9761 B02512\n",
       "18      4/1/2014 3:22:00   40.7238 -73.9821 B02512\n",
       "19      4/1/2014 3:35:00   40.7531 -74.0039 B02512\n",
       "20      4/1/2014 3:35:00   40.7389 -74.0393 B02512\n",
       "21      4/1/2014 3:41:00   40.7619 -73.9715 B02512\n",
       "22      4/1/2014 4:11:00   40.7530 -74.0042 B02512\n",
       "23      4/1/2014 4:15:00   40.6561 -73.9531 B02512\n",
       "24      4/1/2014 4:19:00   40.7250 -73.9844 B02512\n",
       "25      4/1/2014 4:20:00   40.6950 -74.1783 B02512\n",
       "26      4/1/2014 4:26:00   40.9859 -74.1578 B02512\n",
       "27      4/1/2014 4:27:00   40.6879 -74.1814 B02512\n",
       "28      4/1/2014 4:38:00   40.6878 -74.1816 B02512\n",
       "29      4/1/2014 4:47:00   40.7234 -73.9974 B02512\n",
       "30      4/1/2014 4:49:00   40.7336 -73.9900 B02512\n",
       "⋮       ⋮                  ⋮       ⋮        ⋮     \n",
       "4534298 9/30/2014 22:49:00 40.7079 -74.0061 B02764\n",
       "4534299 9/30/2014 22:50:00 40.7775 -73.9468 B02764\n",
       "4534300 9/30/2014 22:51:00 40.7383 -73.9923 B02764\n",
       "4534301 9/30/2014 22:51:00 40.6596 -73.9479 B02764\n",
       "4534302 9/30/2014 22:51:00 40.7130 -73.7976 B02764\n",
       "4534303 9/30/2014 22:51:00 40.7480 -74.0007 B02764\n",
       "4534304 9/30/2014 22:51:00 40.7109 -73.9337 B02764\n",
       "4534305 9/30/2014 22:52:00 40.8287 -73.9488 B02764\n",
       "4534306 9/30/2014 22:52:00 40.7452 -73.9278 B02764\n",
       "4534307 9/30/2014 22:52:00 40.7517 -73.9866 B02764\n",
       "4534308 9/30/2014 22:53:00 40.7724 -73.9587 B02764\n",
       "4534309 9/30/2014 22:53:00 40.7234 -73.9913 B02764\n",
       "4534310 9/30/2014 22:53:00 40.7417 -74.0038 B02764\n",
       "4534311 9/30/2014 22:53:00 40.7509 -73.9785 B02764\n",
       "4534312 9/30/2014 22:53:00 40.7588 -73.9721 B02764\n",
       "4534313 9/30/2014 22:54:00 40.6932 -73.9693 B02764\n",
       "4534314 9/30/2014 22:54:00 40.7273 -74.0057 B02764\n",
       "4534315 9/30/2014 22:54:00 40.7594 -73.9820 B02764\n",
       "4534316 9/30/2014 22:55:00 40.7520 -74.0027 B02764\n",
       "4534317 9/30/2014 22:55:00 40.7205 -73.9571 B02764\n",
       "4534318 9/30/2014 22:56:00 40.7371 -74.0289 B02764\n",
       "4534319 9/30/2014 22:56:00 40.6446 -73.7823 B02764\n",
       "4534320 9/30/2014 22:56:00 40.7163 -73.9623 B02764\n",
       "4534321 9/30/2014 22:57:00 40.6979 -73.9365 B02764\n",
       "4534322 9/30/2014 22:57:00 40.7300 -73.9565 B02764\n",
       "4534323 9/30/2014 22:57:00 40.7668 -73.9845 B02764\n",
       "4534324 9/30/2014 22:57:00 40.6911 -74.1773 B02764\n",
       "4534325 9/30/2014 22:58:00 40.8519 -73.9319 B02764\n",
       "4534326 9/30/2014 22:58:00 40.7081 -74.0066 B02764\n",
       "4534327 9/30/2014 22:58:00 40.7140 -73.9496 B02764"
      ]
     },
     "metadata": {},
     "output_type": "display_data"
    }
   ],
   "source": [
    "data_2014"
   ]
  },
  {
   "cell_type": "code",
   "execution_count": 5,
   "id": "0111dddc-5b36-4524-afbc-72cb60282876",
   "metadata": {},
   "outputs": [],
   "source": [
    "data_2014$Date.Time <- as.POSIXct(data_2014$Date.Time, format = \"%m/%d/%Y %H:%M:%S\")"
   ]
  },
  {
   "cell_type": "code",
   "execution_count": 6,
   "id": "5681d440-24fa-4d72-b3b4-e948ba7f4397",
   "metadata": {},
   "outputs": [
    {
     "data": {
      "text/html": [
       "<table class=\"dataframe\">\n",
       "<caption>A data.frame: 4534327 × 4</caption>\n",
       "<thead>\n",
       "\t<tr><th scope=col>Date.Time</th><th scope=col>Lat</th><th scope=col>Lon</th><th scope=col>Base</th></tr>\n",
       "\t<tr><th scope=col>&lt;dttm&gt;</th><th scope=col>&lt;dbl&gt;</th><th scope=col>&lt;dbl&gt;</th><th scope=col>&lt;chr&gt;</th></tr>\n",
       "</thead>\n",
       "<tbody>\n",
       "\t<tr><td>2014-04-01 00:11:00</td><td>40.7690</td><td>-73.9549</td><td>B02512</td></tr>\n",
       "\t<tr><td>2014-04-01 00:17:00</td><td>40.7267</td><td>-74.0345</td><td>B02512</td></tr>\n",
       "\t<tr><td>2014-04-01 00:21:00</td><td>40.7316</td><td>-73.9873</td><td>B02512</td></tr>\n",
       "\t<tr><td>2014-04-01 00:28:00</td><td>40.7588</td><td>-73.9776</td><td>B02512</td></tr>\n",
       "\t<tr><td>2014-04-01 00:33:00</td><td>40.7594</td><td>-73.9722</td><td>B02512</td></tr>\n",
       "\t<tr><td>2014-04-01 00:33:00</td><td>40.7383</td><td>-74.0403</td><td>B02512</td></tr>\n",
       "\t<tr><td>2014-04-01 00:39:00</td><td>40.7223</td><td>-73.9887</td><td>B02512</td></tr>\n",
       "\t<tr><td>2014-04-01 00:45:00</td><td>40.7620</td><td>-73.9790</td><td>B02512</td></tr>\n",
       "\t<tr><td>2014-04-01 00:55:00</td><td>40.7524</td><td>-73.9960</td><td>B02512</td></tr>\n",
       "\t<tr><td>2014-04-01 01:01:00</td><td>40.7575</td><td>-73.9846</td><td>B02512</td></tr>\n",
       "\t<tr><td>2014-04-01 01:19:00</td><td>40.7256</td><td>-73.9869</td><td>B02512</td></tr>\n",
       "\t<tr><td>2014-04-01 01:48:00</td><td>40.7591</td><td>-73.9684</td><td>B02512</td></tr>\n",
       "\t<tr><td>2014-04-01 01:49:00</td><td>40.7271</td><td>-73.9803</td><td>B02512</td></tr>\n",
       "\t<tr><td>2014-04-01 02:11:00</td><td>40.6463</td><td>-73.7896</td><td>B02512</td></tr>\n",
       "\t<tr><td>2014-04-01 02:25:00</td><td>40.7564</td><td>-73.9167</td><td>B02512</td></tr>\n",
       "\t<tr><td>2014-04-01 02:31:00</td><td>40.7666</td><td>-73.9531</td><td>B02512</td></tr>\n",
       "\t<tr><td>2014-04-01 02:43:00</td><td>40.7580</td><td>-73.9761</td><td>B02512</td></tr>\n",
       "\t<tr><td>2014-04-01 03:22:00</td><td>40.7238</td><td>-73.9821</td><td>B02512</td></tr>\n",
       "\t<tr><td>2014-04-01 03:35:00</td><td>40.7531</td><td>-74.0039</td><td>B02512</td></tr>\n",
       "\t<tr><td>2014-04-01 03:35:00</td><td>40.7389</td><td>-74.0393</td><td>B02512</td></tr>\n",
       "\t<tr><td>2014-04-01 03:41:00</td><td>40.7619</td><td>-73.9715</td><td>B02512</td></tr>\n",
       "\t<tr><td>2014-04-01 04:11:00</td><td>40.7530</td><td>-74.0042</td><td>B02512</td></tr>\n",
       "\t<tr><td>2014-04-01 04:15:00</td><td>40.6561</td><td>-73.9531</td><td>B02512</td></tr>\n",
       "\t<tr><td>2014-04-01 04:19:00</td><td>40.7250</td><td>-73.9844</td><td>B02512</td></tr>\n",
       "\t<tr><td>2014-04-01 04:20:00</td><td>40.6950</td><td>-74.1783</td><td>B02512</td></tr>\n",
       "\t<tr><td>2014-04-01 04:26:00</td><td>40.9859</td><td>-74.1578</td><td>B02512</td></tr>\n",
       "\t<tr><td>2014-04-01 04:27:00</td><td>40.6879</td><td>-74.1814</td><td>B02512</td></tr>\n",
       "\t<tr><td>2014-04-01 04:38:00</td><td>40.6878</td><td>-74.1816</td><td>B02512</td></tr>\n",
       "\t<tr><td>2014-04-01 04:47:00</td><td>40.7234</td><td>-73.9974</td><td>B02512</td></tr>\n",
       "\t<tr><td>2014-04-01 04:49:00</td><td>40.7336</td><td>-73.9900</td><td>B02512</td></tr>\n",
       "\t<tr><td>⋮</td><td>⋮</td><td>⋮</td><td>⋮</td></tr>\n",
       "\t<tr><td>2014-09-30 22:49:00</td><td>40.7079</td><td>-74.0061</td><td>B02764</td></tr>\n",
       "\t<tr><td>2014-09-30 22:50:00</td><td>40.7775</td><td>-73.9468</td><td>B02764</td></tr>\n",
       "\t<tr><td>2014-09-30 22:51:00</td><td>40.7383</td><td>-73.9923</td><td>B02764</td></tr>\n",
       "\t<tr><td>2014-09-30 22:51:00</td><td>40.6596</td><td>-73.9479</td><td>B02764</td></tr>\n",
       "\t<tr><td>2014-09-30 22:51:00</td><td>40.7130</td><td>-73.7976</td><td>B02764</td></tr>\n",
       "\t<tr><td>2014-09-30 22:51:00</td><td>40.7480</td><td>-74.0007</td><td>B02764</td></tr>\n",
       "\t<tr><td>2014-09-30 22:51:00</td><td>40.7109</td><td>-73.9337</td><td>B02764</td></tr>\n",
       "\t<tr><td>2014-09-30 22:52:00</td><td>40.8287</td><td>-73.9488</td><td>B02764</td></tr>\n",
       "\t<tr><td>2014-09-30 22:52:00</td><td>40.7452</td><td>-73.9278</td><td>B02764</td></tr>\n",
       "\t<tr><td>2014-09-30 22:52:00</td><td>40.7517</td><td>-73.9866</td><td>B02764</td></tr>\n",
       "\t<tr><td>2014-09-30 22:53:00</td><td>40.7724</td><td>-73.9587</td><td>B02764</td></tr>\n",
       "\t<tr><td>2014-09-30 22:53:00</td><td>40.7234</td><td>-73.9913</td><td>B02764</td></tr>\n",
       "\t<tr><td>2014-09-30 22:53:00</td><td>40.7417</td><td>-74.0038</td><td>B02764</td></tr>\n",
       "\t<tr><td>2014-09-30 22:53:00</td><td>40.7509</td><td>-73.9785</td><td>B02764</td></tr>\n",
       "\t<tr><td>2014-09-30 22:53:00</td><td>40.7588</td><td>-73.9721</td><td>B02764</td></tr>\n",
       "\t<tr><td>2014-09-30 22:54:00</td><td>40.6932</td><td>-73.9693</td><td>B02764</td></tr>\n",
       "\t<tr><td>2014-09-30 22:54:00</td><td>40.7273</td><td>-74.0057</td><td>B02764</td></tr>\n",
       "\t<tr><td>2014-09-30 22:54:00</td><td>40.7594</td><td>-73.9820</td><td>B02764</td></tr>\n",
       "\t<tr><td>2014-09-30 22:55:00</td><td>40.7520</td><td>-74.0027</td><td>B02764</td></tr>\n",
       "\t<tr><td>2014-09-30 22:55:00</td><td>40.7205</td><td>-73.9571</td><td>B02764</td></tr>\n",
       "\t<tr><td>2014-09-30 22:56:00</td><td>40.7371</td><td>-74.0289</td><td>B02764</td></tr>\n",
       "\t<tr><td>2014-09-30 22:56:00</td><td>40.6446</td><td>-73.7823</td><td>B02764</td></tr>\n",
       "\t<tr><td>2014-09-30 22:56:00</td><td>40.7163</td><td>-73.9623</td><td>B02764</td></tr>\n",
       "\t<tr><td>2014-09-30 22:57:00</td><td>40.6979</td><td>-73.9365</td><td>B02764</td></tr>\n",
       "\t<tr><td>2014-09-30 22:57:00</td><td>40.7300</td><td>-73.9565</td><td>B02764</td></tr>\n",
       "\t<tr><td>2014-09-30 22:57:00</td><td>40.7668</td><td>-73.9845</td><td>B02764</td></tr>\n",
       "\t<tr><td>2014-09-30 22:57:00</td><td>40.6911</td><td>-74.1773</td><td>B02764</td></tr>\n",
       "\t<tr><td>2014-09-30 22:58:00</td><td>40.8519</td><td>-73.9319</td><td>B02764</td></tr>\n",
       "\t<tr><td>2014-09-30 22:58:00</td><td>40.7081</td><td>-74.0066</td><td>B02764</td></tr>\n",
       "\t<tr><td>2014-09-30 22:58:00</td><td>40.7140</td><td>-73.9496</td><td>B02764</td></tr>\n",
       "</tbody>\n",
       "</table>\n"
      ],
      "text/latex": [
       "A data.frame: 4534327 × 4\n",
       "\\begin{tabular}{llll}\n",
       " Date.Time & Lat & Lon & Base\\\\\n",
       " <dttm> & <dbl> & <dbl> & <chr>\\\\\n",
       "\\hline\n",
       "\t 2014-04-01 00:11:00 & 40.7690 & -73.9549 & B02512\\\\\n",
       "\t 2014-04-01 00:17:00 & 40.7267 & -74.0345 & B02512\\\\\n",
       "\t 2014-04-01 00:21:00 & 40.7316 & -73.9873 & B02512\\\\\n",
       "\t 2014-04-01 00:28:00 & 40.7588 & -73.9776 & B02512\\\\\n",
       "\t 2014-04-01 00:33:00 & 40.7594 & -73.9722 & B02512\\\\\n",
       "\t 2014-04-01 00:33:00 & 40.7383 & -74.0403 & B02512\\\\\n",
       "\t 2014-04-01 00:39:00 & 40.7223 & -73.9887 & B02512\\\\\n",
       "\t 2014-04-01 00:45:00 & 40.7620 & -73.9790 & B02512\\\\\n",
       "\t 2014-04-01 00:55:00 & 40.7524 & -73.9960 & B02512\\\\\n",
       "\t 2014-04-01 01:01:00 & 40.7575 & -73.9846 & B02512\\\\\n",
       "\t 2014-04-01 01:19:00 & 40.7256 & -73.9869 & B02512\\\\\n",
       "\t 2014-04-01 01:48:00 & 40.7591 & -73.9684 & B02512\\\\\n",
       "\t 2014-04-01 01:49:00 & 40.7271 & -73.9803 & B02512\\\\\n",
       "\t 2014-04-01 02:11:00 & 40.6463 & -73.7896 & B02512\\\\\n",
       "\t 2014-04-01 02:25:00 & 40.7564 & -73.9167 & B02512\\\\\n",
       "\t 2014-04-01 02:31:00 & 40.7666 & -73.9531 & B02512\\\\\n",
       "\t 2014-04-01 02:43:00 & 40.7580 & -73.9761 & B02512\\\\\n",
       "\t 2014-04-01 03:22:00 & 40.7238 & -73.9821 & B02512\\\\\n",
       "\t 2014-04-01 03:35:00 & 40.7531 & -74.0039 & B02512\\\\\n",
       "\t 2014-04-01 03:35:00 & 40.7389 & -74.0393 & B02512\\\\\n",
       "\t 2014-04-01 03:41:00 & 40.7619 & -73.9715 & B02512\\\\\n",
       "\t 2014-04-01 04:11:00 & 40.7530 & -74.0042 & B02512\\\\\n",
       "\t 2014-04-01 04:15:00 & 40.6561 & -73.9531 & B02512\\\\\n",
       "\t 2014-04-01 04:19:00 & 40.7250 & -73.9844 & B02512\\\\\n",
       "\t 2014-04-01 04:20:00 & 40.6950 & -74.1783 & B02512\\\\\n",
       "\t 2014-04-01 04:26:00 & 40.9859 & -74.1578 & B02512\\\\\n",
       "\t 2014-04-01 04:27:00 & 40.6879 & -74.1814 & B02512\\\\\n",
       "\t 2014-04-01 04:38:00 & 40.6878 & -74.1816 & B02512\\\\\n",
       "\t 2014-04-01 04:47:00 & 40.7234 & -73.9974 & B02512\\\\\n",
       "\t 2014-04-01 04:49:00 & 40.7336 & -73.9900 & B02512\\\\\n",
       "\t ⋮ & ⋮ & ⋮ & ⋮\\\\\n",
       "\t 2014-09-30 22:49:00 & 40.7079 & -74.0061 & B02764\\\\\n",
       "\t 2014-09-30 22:50:00 & 40.7775 & -73.9468 & B02764\\\\\n",
       "\t 2014-09-30 22:51:00 & 40.7383 & -73.9923 & B02764\\\\\n",
       "\t 2014-09-30 22:51:00 & 40.6596 & -73.9479 & B02764\\\\\n",
       "\t 2014-09-30 22:51:00 & 40.7130 & -73.7976 & B02764\\\\\n",
       "\t 2014-09-30 22:51:00 & 40.7480 & -74.0007 & B02764\\\\\n",
       "\t 2014-09-30 22:51:00 & 40.7109 & -73.9337 & B02764\\\\\n",
       "\t 2014-09-30 22:52:00 & 40.8287 & -73.9488 & B02764\\\\\n",
       "\t 2014-09-30 22:52:00 & 40.7452 & -73.9278 & B02764\\\\\n",
       "\t 2014-09-30 22:52:00 & 40.7517 & -73.9866 & B02764\\\\\n",
       "\t 2014-09-30 22:53:00 & 40.7724 & -73.9587 & B02764\\\\\n",
       "\t 2014-09-30 22:53:00 & 40.7234 & -73.9913 & B02764\\\\\n",
       "\t 2014-09-30 22:53:00 & 40.7417 & -74.0038 & B02764\\\\\n",
       "\t 2014-09-30 22:53:00 & 40.7509 & -73.9785 & B02764\\\\\n",
       "\t 2014-09-30 22:53:00 & 40.7588 & -73.9721 & B02764\\\\\n",
       "\t 2014-09-30 22:54:00 & 40.6932 & -73.9693 & B02764\\\\\n",
       "\t 2014-09-30 22:54:00 & 40.7273 & -74.0057 & B02764\\\\\n",
       "\t 2014-09-30 22:54:00 & 40.7594 & -73.9820 & B02764\\\\\n",
       "\t 2014-09-30 22:55:00 & 40.7520 & -74.0027 & B02764\\\\\n",
       "\t 2014-09-30 22:55:00 & 40.7205 & -73.9571 & B02764\\\\\n",
       "\t 2014-09-30 22:56:00 & 40.7371 & -74.0289 & B02764\\\\\n",
       "\t 2014-09-30 22:56:00 & 40.6446 & -73.7823 & B02764\\\\\n",
       "\t 2014-09-30 22:56:00 & 40.7163 & -73.9623 & B02764\\\\\n",
       "\t 2014-09-30 22:57:00 & 40.6979 & -73.9365 & B02764\\\\\n",
       "\t 2014-09-30 22:57:00 & 40.7300 & -73.9565 & B02764\\\\\n",
       "\t 2014-09-30 22:57:00 & 40.7668 & -73.9845 & B02764\\\\\n",
       "\t 2014-09-30 22:57:00 & 40.6911 & -74.1773 & B02764\\\\\n",
       "\t 2014-09-30 22:58:00 & 40.8519 & -73.9319 & B02764\\\\\n",
       "\t 2014-09-30 22:58:00 & 40.7081 & -74.0066 & B02764\\\\\n",
       "\t 2014-09-30 22:58:00 & 40.7140 & -73.9496 & B02764\\\\\n",
       "\\end{tabular}\n"
      ],
      "text/markdown": [
       "\n",
       "A data.frame: 4534327 × 4\n",
       "\n",
       "| Date.Time &lt;dttm&gt; | Lat &lt;dbl&gt; | Lon &lt;dbl&gt; | Base &lt;chr&gt; |\n",
       "|---|---|---|---|\n",
       "| 2014-04-01 00:11:00 | 40.7690 | -73.9549 | B02512 |\n",
       "| 2014-04-01 00:17:00 | 40.7267 | -74.0345 | B02512 |\n",
       "| 2014-04-01 00:21:00 | 40.7316 | -73.9873 | B02512 |\n",
       "| 2014-04-01 00:28:00 | 40.7588 | -73.9776 | B02512 |\n",
       "| 2014-04-01 00:33:00 | 40.7594 | -73.9722 | B02512 |\n",
       "| 2014-04-01 00:33:00 | 40.7383 | -74.0403 | B02512 |\n",
       "| 2014-04-01 00:39:00 | 40.7223 | -73.9887 | B02512 |\n",
       "| 2014-04-01 00:45:00 | 40.7620 | -73.9790 | B02512 |\n",
       "| 2014-04-01 00:55:00 | 40.7524 | -73.9960 | B02512 |\n",
       "| 2014-04-01 01:01:00 | 40.7575 | -73.9846 | B02512 |\n",
       "| 2014-04-01 01:19:00 | 40.7256 | -73.9869 | B02512 |\n",
       "| 2014-04-01 01:48:00 | 40.7591 | -73.9684 | B02512 |\n",
       "| 2014-04-01 01:49:00 | 40.7271 | -73.9803 | B02512 |\n",
       "| 2014-04-01 02:11:00 | 40.6463 | -73.7896 | B02512 |\n",
       "| 2014-04-01 02:25:00 | 40.7564 | -73.9167 | B02512 |\n",
       "| 2014-04-01 02:31:00 | 40.7666 | -73.9531 | B02512 |\n",
       "| 2014-04-01 02:43:00 | 40.7580 | -73.9761 | B02512 |\n",
       "| 2014-04-01 03:22:00 | 40.7238 | -73.9821 | B02512 |\n",
       "| 2014-04-01 03:35:00 | 40.7531 | -74.0039 | B02512 |\n",
       "| 2014-04-01 03:35:00 | 40.7389 | -74.0393 | B02512 |\n",
       "| 2014-04-01 03:41:00 | 40.7619 | -73.9715 | B02512 |\n",
       "| 2014-04-01 04:11:00 | 40.7530 | -74.0042 | B02512 |\n",
       "| 2014-04-01 04:15:00 | 40.6561 | -73.9531 | B02512 |\n",
       "| 2014-04-01 04:19:00 | 40.7250 | -73.9844 | B02512 |\n",
       "| 2014-04-01 04:20:00 | 40.6950 | -74.1783 | B02512 |\n",
       "| 2014-04-01 04:26:00 | 40.9859 | -74.1578 | B02512 |\n",
       "| 2014-04-01 04:27:00 | 40.6879 | -74.1814 | B02512 |\n",
       "| 2014-04-01 04:38:00 | 40.6878 | -74.1816 | B02512 |\n",
       "| 2014-04-01 04:47:00 | 40.7234 | -73.9974 | B02512 |\n",
       "| 2014-04-01 04:49:00 | 40.7336 | -73.9900 | B02512 |\n",
       "| ⋮ | ⋮ | ⋮ | ⋮ |\n",
       "| 2014-09-30 22:49:00 | 40.7079 | -74.0061 | B02764 |\n",
       "| 2014-09-30 22:50:00 | 40.7775 | -73.9468 | B02764 |\n",
       "| 2014-09-30 22:51:00 | 40.7383 | -73.9923 | B02764 |\n",
       "| 2014-09-30 22:51:00 | 40.6596 | -73.9479 | B02764 |\n",
       "| 2014-09-30 22:51:00 | 40.7130 | -73.7976 | B02764 |\n",
       "| 2014-09-30 22:51:00 | 40.7480 | -74.0007 | B02764 |\n",
       "| 2014-09-30 22:51:00 | 40.7109 | -73.9337 | B02764 |\n",
       "| 2014-09-30 22:52:00 | 40.8287 | -73.9488 | B02764 |\n",
       "| 2014-09-30 22:52:00 | 40.7452 | -73.9278 | B02764 |\n",
       "| 2014-09-30 22:52:00 | 40.7517 | -73.9866 | B02764 |\n",
       "| 2014-09-30 22:53:00 | 40.7724 | -73.9587 | B02764 |\n",
       "| 2014-09-30 22:53:00 | 40.7234 | -73.9913 | B02764 |\n",
       "| 2014-09-30 22:53:00 | 40.7417 | -74.0038 | B02764 |\n",
       "| 2014-09-30 22:53:00 | 40.7509 | -73.9785 | B02764 |\n",
       "| 2014-09-30 22:53:00 | 40.7588 | -73.9721 | B02764 |\n",
       "| 2014-09-30 22:54:00 | 40.6932 | -73.9693 | B02764 |\n",
       "| 2014-09-30 22:54:00 | 40.7273 | -74.0057 | B02764 |\n",
       "| 2014-09-30 22:54:00 | 40.7594 | -73.9820 | B02764 |\n",
       "| 2014-09-30 22:55:00 | 40.7520 | -74.0027 | B02764 |\n",
       "| 2014-09-30 22:55:00 | 40.7205 | -73.9571 | B02764 |\n",
       "| 2014-09-30 22:56:00 | 40.7371 | -74.0289 | B02764 |\n",
       "| 2014-09-30 22:56:00 | 40.6446 | -73.7823 | B02764 |\n",
       "| 2014-09-30 22:56:00 | 40.7163 | -73.9623 | B02764 |\n",
       "| 2014-09-30 22:57:00 | 40.6979 | -73.9365 | B02764 |\n",
       "| 2014-09-30 22:57:00 | 40.7300 | -73.9565 | B02764 |\n",
       "| 2014-09-30 22:57:00 | 40.7668 | -73.9845 | B02764 |\n",
       "| 2014-09-30 22:57:00 | 40.6911 | -74.1773 | B02764 |\n",
       "| 2014-09-30 22:58:00 | 40.8519 | -73.9319 | B02764 |\n",
       "| 2014-09-30 22:58:00 | 40.7081 | -74.0066 | B02764 |\n",
       "| 2014-09-30 22:58:00 | 40.7140 | -73.9496 | B02764 |\n",
       "\n"
      ],
      "text/plain": [
       "        Date.Time           Lat     Lon      Base  \n",
       "1       2014-04-01 00:11:00 40.7690 -73.9549 B02512\n",
       "2       2014-04-01 00:17:00 40.7267 -74.0345 B02512\n",
       "3       2014-04-01 00:21:00 40.7316 -73.9873 B02512\n",
       "4       2014-04-01 00:28:00 40.7588 -73.9776 B02512\n",
       "5       2014-04-01 00:33:00 40.7594 -73.9722 B02512\n",
       "6       2014-04-01 00:33:00 40.7383 -74.0403 B02512\n",
       "7       2014-04-01 00:39:00 40.7223 -73.9887 B02512\n",
       "8       2014-04-01 00:45:00 40.7620 -73.9790 B02512\n",
       "9       2014-04-01 00:55:00 40.7524 -73.9960 B02512\n",
       "10      2014-04-01 01:01:00 40.7575 -73.9846 B02512\n",
       "11      2014-04-01 01:19:00 40.7256 -73.9869 B02512\n",
       "12      2014-04-01 01:48:00 40.7591 -73.9684 B02512\n",
       "13      2014-04-01 01:49:00 40.7271 -73.9803 B02512\n",
       "14      2014-04-01 02:11:00 40.6463 -73.7896 B02512\n",
       "15      2014-04-01 02:25:00 40.7564 -73.9167 B02512\n",
       "16      2014-04-01 02:31:00 40.7666 -73.9531 B02512\n",
       "17      2014-04-01 02:43:00 40.7580 -73.9761 B02512\n",
       "18      2014-04-01 03:22:00 40.7238 -73.9821 B02512\n",
       "19      2014-04-01 03:35:00 40.7531 -74.0039 B02512\n",
       "20      2014-04-01 03:35:00 40.7389 -74.0393 B02512\n",
       "21      2014-04-01 03:41:00 40.7619 -73.9715 B02512\n",
       "22      2014-04-01 04:11:00 40.7530 -74.0042 B02512\n",
       "23      2014-04-01 04:15:00 40.6561 -73.9531 B02512\n",
       "24      2014-04-01 04:19:00 40.7250 -73.9844 B02512\n",
       "25      2014-04-01 04:20:00 40.6950 -74.1783 B02512\n",
       "26      2014-04-01 04:26:00 40.9859 -74.1578 B02512\n",
       "27      2014-04-01 04:27:00 40.6879 -74.1814 B02512\n",
       "28      2014-04-01 04:38:00 40.6878 -74.1816 B02512\n",
       "29      2014-04-01 04:47:00 40.7234 -73.9974 B02512\n",
       "30      2014-04-01 04:49:00 40.7336 -73.9900 B02512\n",
       "⋮       ⋮                   ⋮       ⋮        ⋮     \n",
       "4534298 2014-09-30 22:49:00 40.7079 -74.0061 B02764\n",
       "4534299 2014-09-30 22:50:00 40.7775 -73.9468 B02764\n",
       "4534300 2014-09-30 22:51:00 40.7383 -73.9923 B02764\n",
       "4534301 2014-09-30 22:51:00 40.6596 -73.9479 B02764\n",
       "4534302 2014-09-30 22:51:00 40.7130 -73.7976 B02764\n",
       "4534303 2014-09-30 22:51:00 40.7480 -74.0007 B02764\n",
       "4534304 2014-09-30 22:51:00 40.7109 -73.9337 B02764\n",
       "4534305 2014-09-30 22:52:00 40.8287 -73.9488 B02764\n",
       "4534306 2014-09-30 22:52:00 40.7452 -73.9278 B02764\n",
       "4534307 2014-09-30 22:52:00 40.7517 -73.9866 B02764\n",
       "4534308 2014-09-30 22:53:00 40.7724 -73.9587 B02764\n",
       "4534309 2014-09-30 22:53:00 40.7234 -73.9913 B02764\n",
       "4534310 2014-09-30 22:53:00 40.7417 -74.0038 B02764\n",
       "4534311 2014-09-30 22:53:00 40.7509 -73.9785 B02764\n",
       "4534312 2014-09-30 22:53:00 40.7588 -73.9721 B02764\n",
       "4534313 2014-09-30 22:54:00 40.6932 -73.9693 B02764\n",
       "4534314 2014-09-30 22:54:00 40.7273 -74.0057 B02764\n",
       "4534315 2014-09-30 22:54:00 40.7594 -73.9820 B02764\n",
       "4534316 2014-09-30 22:55:00 40.7520 -74.0027 B02764\n",
